              precision    recall  f1-score   support

          AK     0.4444    0.5496    0.4915       131
         BCC     0.7571    0.8557    0.8034       499
         BKL     0.7460    0.5949    0.6620       395
          DF     0.9000    0.4865    0.6316        37
         MEL     0.7966    0.6171    0.6954       679
          NV     0.8520    0.9327    0.8905      1932
         SCC     0.6324    0.4526    0.5276        95
        VASC     0.8108    0.7692    0.7895        39

    accuracy                         0.8001      3807
   macro avg     0.7424    0.6573    0.6864      3807
weighted avg     0.7992    0.8001    0.7943      3807
